# File exported by ZBrush version 4.7
# www.zbrush.com
#Vertex Count 783
#Face Count 796
#Auto scale x=1.000000 y=1.000000 z=1.000000
#Auto offset x=0.000000 y=0.000000 z=0.000000
v -0.23468571 -0.10916444 -0.20204903
v 0.11545608 -0.14353743 -0.15937772
v 0.18559634 0.23547132 -0.22554329
v -0.23439301 0.26614922 -0.2285259
v -0.24489501 -0.11058473 0.20096699
v 0.10733868 -0.1434447 0.16493563
v 0.17695206 0.2355116 0.23968793
v -0.24322463 0.26656201 0.23442147
v -0.37514326 -0.0049428 -0.14287728
v -0.38352075 -0.02802867 0.10069838
v -0.39610266 0.18734607 0.12277992
v -0.38807156 0.21061183 -0.1152377
v -0.47898361 0.03503227 -0.09287505
v -0.48333472 0.01851062 0.05087139
v -0.49691018 0.15333598 0.06827797
v -0.4926393 0.16992111 -0.07546848
v -0.38656747 0.53453546 -0.13961252
v -0.18459291 0.64696604 -0.06379695
v -0.05232827 0.6065635 -0.29624226
v -0.25437888 0.49465122 -0.37008124
v -0.45643347 0.69731104 -0.28885307
v -0.34701198 0.84751761 -0.34149158
v -0.1833233 0.74210029 -0.36150845
v -0.29273143 0.59253197 -0.30702492
v -0.39519074 0.40903419 -0.8328045
v -0.31993821 0.52063947 -0.87534248
v -0.20642991 0.438115 -0.89452397
v -0.28167295 0.32668998 -0.85129183
v -0.62959992 0.57042068 -1.21319866
v -0.56874156 0.65103226 -1.22552657
v -0.5041306 0.5952906 -1.27969479
v -0.56498861 0.51468026 -1.26735901
v -0.77886241 0.64648556 -1.56487155
v -0.74299895 0.69558811 -1.5732572
v -0.70130914 0.66037225 -1.60125994
v -0.73717266 0.61126965 -1.59287428
v -0.78309494 0.65461081 -1.61770045
v -0.76202493 0.68382972 -1.62308383
v -0.73660159 0.66265714 -1.63838005
v -0.75767159 0.63343823 -1.63299667
v -0.35706844 0.94549292 -0.06034869
v -0.1621342 1.00114059 -0.04341342
v -0.09423626 0.96127563 -0.28738865
v -0.2891992 0.90622693 -0.29928448
v -0.46989548 1.26888573 -0.33445242
v -0.30372378 1.36182797 -0.38001877
v -0.2077299 1.2013452 -0.42684972
v -0.37385079 1.10906171 -0.37698602
v -0.2839761 0.92359125 -0.97013366
v -0.17764048 0.98295837 -1.02812361
v -0.11700518 0.87063264 -1.04841125
v -0.22332254 0.81142342 -0.989129
v -0.6330105 1.09939706 -1.29942154
v -0.54702657 1.15022122 -1.33932483
v -0.52120494 1.0655111 -1.39678561
v -0.60718888 1.01468157 -1.35688614
v -0.76935076 1.26210868 -1.66724872
v -0.70593768 1.29059946 -1.68040835
v -0.68688118 1.23139917 -1.71483373
v -0.75029426 1.20290839 -1.7016741
v -0.76692295 1.27666175 -1.72774612
v -0.72805708 1.29312646 -1.73422813
v -0.71597725 1.25712549 -1.75368452
v -0.75484323 1.24066054 -1.74720239
v -0.34940978 0.47803124 0.27378723
v -0.11003009 0.52821743 0.38485971
v -0.04998988 0.64600628 0.15312787
v -0.28942751 0.59558498 0.04241973
v -0.40619546 0.63150417 0.27402684
v -0.21873618 0.65930587 0.33054429
v -0.24394321 0.83962565 0.35172772
v -0.43138486 0.81181395 0.29521721
v -0.32662028 0.36195454 0.74676942
v -0.19837048 0.37745139 0.79038232
v -0.21987237 0.50911635 0.81128048
v -0.34811687 0.49361759 0.76765108
v -0.59069657 0.52102065 1.17555284
v -0.49463075 0.53510171 1.22492241
v -0.49461627 0.63824558 1.19649314
v -0.59068238 0.62416499 1.14711189
v -0.73928135 0.63516789 1.54421639
v -0.67058217 0.64331752 1.57200431
v -0.67171013 0.7156682 1.55365634
v -0.74040931 0.70751875 1.52586627
v -0.74552416 0.66152584 1.59857308
v -0.70346415 0.66625934 1.61453592
v -0.70456373 0.71030587 1.60431134
v -0.74662381 0.70557236 1.58834826
v -0.34043538 0.92491841 0.27926424
v -0.11376218 0.95805877 0.35533368
v -0.0706561 1.03864479 0.12794108
v -0.29741686 1.00527823 0.05235663
v -0.43673566 1.14817571 0.36881169
v -0.23945082 1.15077233 0.39081811
v -0.2337201 1.33967876 0.39155298
v -0.4310092 1.33706355 0.36965748
v -0.25547906 0.84952062 0.871845
v -0.12452624 0.84334343 0.91637438
v -0.12227669 0.97975313 0.93322849
v -0.25322839 0.98591429 0.88872522
v -0.65155297 1.03497839 1.30444991
v -0.56442511 1.03267061 1.36955297
v -0.54221749 1.13356769 1.34246301
v -0.62934517 1.13587105 1.27736437
v -0.7506389 1.1915493 1.58583581
v -0.68226081 1.18245875 1.61491799
v -0.66276657 1.25063967 1.58919453
v -0.73114472 1.2597301 1.56011533
v -0.74227851 1.22373461 1.63062775
v -0.69957852 1.21731925 1.64608013
v -0.68764603 1.25862777 1.63040316
v -0.73034596 1.26504325 1.61495089
v -0.24952876 0.58816832 0.41566729
v 0.34088149 0.52070778 0.3749921
v 0.2976799 0.51325815 -0.37776604
v -0.29324978 0.58247619 -0.32653796
v -0.24479028 1.1764394 0.50206196
v 0.45728218 1.11955773 0.47412151
v 0.4133892 1.0983932 -0.48273775
v -0.29451048 1.15687155 -0.45699402
v -0.15797323 1.92602849 0.44629883
v 0.50747805 1.87874007 0.438423
v 0.48060768 1.85348892 -0.4990324
v -0.19683629 1.90320766 -0.49586254
v -0.17994317 2.49644541 0.41170945
v 0.50899463 2.50590419 0.39303526
v 0.47876045 2.47847271 -0.47951889
v -0.21186757 2.46932768 -0.45323076
v -0.14535629 3.47332644 0.30718618
v 0.3950918 3.48939967 0.27958768
v 0.3687796 3.46495676 -0.34544277
v -0.1719992 3.44828844 -0.31778958
v -0.17382431 3.93544745 0.24461108
v 0.25638523 3.98466873 0.20411096
v 0.23262623 3.96832108 -0.26656001
v -0.19778128 3.91888237 -0.2260403
v -0.22813695 4.28620243 0.16477496
v 0.04819627 4.34905529 0.13521911
v 0.03334826 4.34508562 -0.17075461
v -0.24330659 4.28231954 -0.14121082
v -0.23385283 4.45916795 0.098727
v -0.06666263 4.50679874 0.08049108
v -0.07635258 4.5069375 -0.10378913
v -0.24366301 4.45933628 -0.08555927
v -0.16427898 1.40489447 0.18873767
v -0.07946562 1.79111206 -0.09613113
v 0.07827925 1.55993402 -0.61839914
v -0.00670035 1.17423796 -0.32662689
v -0.30269208 1.44342219 -0.0329803
v -0.15104809 1.62553942 -0.16313172
v -0.09143872 1.48674929 -0.46319836
v -0.24285483 1.30500352 -0.32569569
v -0.47297525 1.73874509 -0.25881448
v -0.26886886 1.79561054 -0.25041511
v -0.19823487 1.6393274 -0.41709727
v -0.40218907 1.58274769 -0.42098084
v -0.26367977 2.28759574 -1.02924644
v -0.10655198 2.34153914 -1.02285623
v -0.05057686 2.23174285 -1.1490432
v -0.20764005 2.17786145 -1.15370547
v -0.61792802 2.70790076 -1.31986188
v -0.53839618 2.76295852 -1.32403039
v -0.51381284 2.71587824 -1.40644121
v -0.59334194 2.66080188 -1.40215098
v -0.78337323 2.98999071 -1.62795412
v -0.7295559 3.02228093 -1.62919342
v -0.70908242 2.98590326 -1.67590677
v -0.76289963 2.9536128 -1.67466747
v -0.78472185 3.02217674 -1.67715013
v -0.75132232 3.0410099 -1.67711281
v -0.73813122 3.01779675 -1.70466113
v -0.7715308 2.99896359 -1.7046982
v -0.22435359 1.33733212 0.27930334
v -0.11957935 1.56162095 0.31853175
v -0.18795368 1.63613224 0.03971421
v -0.2933121 1.41218578 0.00028308
v -0.36606645 1.56893479 0.37977808
v -0.18807348 1.66130948 0.31026396
v -0.30102798 1.79703307 0.17029316
v -0.47932952 1.7046715 0.24026817
v -0.17835173 2.17432332 1.08951079
v -0.0400341 2.25853633 1.04292881
v -0.12835502 2.35120797 0.92462146
v -0.26682183 2.26699256 0.97142779
v -0.61887812 2.71155881 1.43964779
v -0.54209297 2.78475928 1.4299997
v -0.59205836 2.82854962 1.34370625
v -0.66884249 2.7553544 1.35338246
v -0.78144949 2.96061968 1.7599076
v -0.73109859 3.00631022 1.75267803
v -0.76994836 3.04296302 1.71027922
v -0.82029795 2.9972732 1.71751177
v -0.79131305 3.00124192 1.79649925
v -0.760396 3.02840995 1.79167914
v -0.78481394 3.05187273 1.76764679
v -0.8157311 3.02470445 1.77246666
v -0.21989437 0.04398765 -0.25385421
v -0.03842458 0.31479582 -0.24612332
v 0.16570714 -0.02480547 -0.20919755
v -0.02560268 -0.1622757 -0.21934115
v -0.01953512 0.00288793 -0.27430653
v -0.2325343 0.04209899 0.25810667
v -0.03566905 -0.16131176 0.22482623
v 0.15789906 -0.02407973 0.21756519
v -0.06269185 0.30878451 0.25841534
v -0.03144744 0.00483136 0.28259807
v 0.1690523 -0.19713334 0.00263502
v 0.16892229 0.29796689 0.01607802
v 0.22346775 -0.03491054 0.00440532
v -0.24471229 -0.16074363 -0.00138363
v -0.03218684 -0.21682298 0.00229787
v -0.39386245 0.23432651 0.00792873
v -0.32594579 0.19719618 0.15546295
v -0.27216059 0.34300977 -0.00286726
v -0.31780058 0.20999534 -0.14642398
v -0.31883791 0.24382382 0.00726898
v -0.38010409 0.10689432 -0.16919304
v -0.32905796 -0.05054834 -0.17243517
v -0.32214489 0.08155596 -0.21166864
v -0.3776021 -0.05152576 -0.02523837
v -0.33858138 -0.06292946 0.1507444
v -0.33612531 -0.09971524 -0.01337693
v -0.39147937 0.07610532 0.15189249
v -0.33433732 0.06486401 0.20546561
v -0.51105141 0.18212068 -0.00140751
v -0.46333625 0.17738845 0.10254265
v -0.45699203 0.20151132 -0.10014905
v -0.4631966 0.22046425 0.00541281
v -0.49942189 0.10373163 -0.10675276
v -0.43740528 0.01237021 -0.12540656
v -0.44597509 0.11091718 -0.14655828
v -0.49291759 0.00401872 -0.02376275
v -0.44389405 -0.01165545 0.07727258
v -0.43771839 -0.03058652 -0.02827678
v -0.50453102 0.0823381 0.08158248
v -0.45487281 0.07896645 0.12369317
v -0.51921898 0.09193114 -0.0129536
v -0.13113647 0.54417479 -0.3707416
v 0.04740306 0.42062631 -0.25002718
v -0.21995158 0.37263444 -0.30662903
v -0.07350475 0.39430981 -0.33016404
v -0.35366222 0.49651101 -0.26675692
v -0.29546937 0.39008009 0.00489606
v -0.301449 0.37467268 -0.16029255
v -0.30763199 0.59769272 -0.06244441
v -0.02807255 0.43825838 0.06430086
v -0.17446598 0.417748 0.08741416
v -0.08522316 0.64533817 -0.166947
v 0.05371221 0.43726688 -0.08258011
v -0.21072657 0.65002083 -0.33628124
v -0.13422298 0.73204821 -0.29638204
v -0.28310585 0.58742028 -0.31052896
v -0.18184563 0.64713126 -0.32140731
v -0.39272505 0.62029254 -0.28827518
v -0.44359174 0.66440945 -0.19592104
v -0.38794919 0.60222709 -0.25491732
v -0.42901402 0.79004651 -0.31169709
v -0.29474765 0.80961471 -0.17976407
v -0.39593532 0.75011515 -0.1681445
v -0.24705179 0.81973981 -0.36100864
v -0.1899345 0.79496282 -0.23536227
v -0.22513309 0.3686997 -0.8759067
v -0.18104881 0.58393186 -0.602894
v -0.26788955 0.45009157 -0.54034018
v -0.20051534 0.50033003 -0.57102638
v -0.3509612 0.34936741 -0.83480978
v -0.41160586 0.55064654 -0.54189425
v -0.35418403 0.47824233 -0.53031826
v -0.37648394 0.47859251 -0.85078293
v -0.32475611 0.68497467 -0.60321307
v -0.39213746 0.63464814 -0.57260257
v -0.25066584 0.49786758 -0.89258718
v -0.23848331 0.65670293 -0.61403501
v -0.52379113 0.54569506 -1.2825545
v -0.33926865 0.4839223 -1.10439908
v -0.40747207 0.38896021 -1.0798738
v -0.35897103 0.42510682 -1.09900558
v -0.60743552 0.52912521 -1.23821759
v -0.4938732 0.45690128 -1.03863906
v -0.46203497 0.40712866 -1.05518496
v -0.60993999 0.62001252 -1.21033
v -0.42566707 0.55199891 -1.06294119
v -0.47417148 0.51579153 -1.04383897
v -0.52629512 0.63658624 -1.25467717
v -0.37110787 0.53374618 -1.08788788
v -0.71229261 0.62995165 -1.60173428
v -0.62576919 0.64558935 -1.46272516
v -0.67392808 0.58192193 -1.45412111
v -0.64143717 0.60636127 -1.46582269
v -0.76399481 0.62069392 -1.5774753
v -0.72439712 0.62628513 -1.40972411
v -0.70718848 0.59349596 -1.43048858
v -0.76787895 0.67690616 -1.56439733
v -0.67623794 0.68995362 -1.41832816
v -0.70872932 0.66551196 -1.4066267
v -0.71617674 0.68616384 -1.5886563
v -0.64297753 0.67838025 -1.44196069
v -0.74294048 0.64468616 -1.63749706
v -0.72787439 0.66458612 -1.6443547
v -0.75756239 0.6233496 -1.63669526
v -0.7367205 0.63898032 -1.64408457
v -0.77335369 0.63940441 -1.62390518
v -0.79354989 0.65327483 -1.61533725
v -0.78050422 0.63143944 -1.62473964
v -0.77615129 0.67237418 -1.61731946
v -0.76386189 0.69451147 -1.62299668
v -0.78470379 0.67888069 -1.61560738
v -0.74573814 0.67765587 -1.63091146
v -0.74092012 0.68642151 -1.6349523
v -0.75915712 0.65839672 -1.62659573
v -0.18024538 0.92712026 -0.33552789
v 0.02358485 0.6170296 -0.23866379
v -0.23298437 0.60194098 -0.25258702
v -0.09815369 0.60806465 -0.29912138
v -0.35518574 0.916938 -0.18091133
v -0.27128264 0.61288142 0.06078773
v -0.29410532 0.60595417 -0.09799336
v -0.27090778 0.98006385 -0.01032377
v -0.01462549 0.62843549 0.07828262
v -0.14943508 0.62308418 0.12311337
v -0.09604448 0.9904496 -0.16322353
v 0.04680506 0.62532711 -0.07735544
v -0.2747991 1.12833368 -0.41160416
v -0.18178041 1.16677355 -0.31814304
v -0.35731452 1.08318543 -0.30113202
v -0.25472754 1.10703516 -0.33418062
v -0.44948145 1.17367065 -0.34603059
v -0.44607245 1.18950676 -0.16844439
v -0.43076813 1.12254583 -0.23075042
v -0.40280133 1.34212601 -0.3483715
v -0.27052104 1.27384662 -0.18197137
v -0.37308025 1.24957621 -0.15120279
v -0.22811639 1.29699182 -0.41286498
v -0.19708068 1.23433268 -0.25383338
v -0.16006943 0.82226955 -1.02292299
v -0.13716386 1.0307151 -0.73822426
v -0.27389934 0.95324844 -0.67257267
v -0.19173269 0.96713644 -0.70948422
v -0.27135476 0.85766857 -0.96891152
v -0.35680285 1.10140788 -0.65860134
v -0.33810618 1.01447808 -0.65334022
v -0.24090454 0.97202479 -0.99512881
v -0.22004295 1.17921328 -0.72200584
v -0.30221974 1.16510891 -0.6865127
v -0.12961849 0.93663531 -1.04907524
v -0.155855 1.11784243 -0.74252849
v -0.55989402 1.02598476 -1.38646352
v -0.29642376 0.92297464 -1.25422418
v -0.38924789 0.86961841 -1.2003405
v -0.33610254 0.8804441 -1.23475348
v -0.63442826 1.04856503 -1.32139408
v -0.42968702 0.96452325 -1.15822947
v -0.42492958 0.90820741 -1.16978538
v -0.59432077 1.13892555 -1.30971491
v -0.33685571 1.0179696 -1.21157145
v -0.39000397 1.00709319 -1.17739927
v -0.51978755 1.1163361 -1.37484908
v -0.30117902 0.97933894 -1.24249219
v -0.71541166 1.20728707 -1.7139914
v -0.63844674 1.16806519 -1.57635283
v -0.71336603 1.12807297 -1.55013227
v -0.67252349 1.13610804 -1.57173717
v -0.77039134 1.22775995 -1.68226802
v -0.7336651 1.19984519 -1.49928975
v -0.73600149 1.157292 -1.52031254
v -0.74082028 1.2862209 -1.66809094
v -0.65874558 1.23983669 -1.52549803
v -0.69958806 1.23180198 -1.50389695
v -0.68584054 1.2657479 -1.69981432
v -0.63611036 1.21061849 -1.55532586
v -0.73347705 1.24326169 -1.75318419
v -0.70560866 1.25333964 -1.75969386
v -0.76074159 1.23019528 -1.75082719
v -0.73031145 1.2332673 -1.75981712
v -0.76668602 1.25595426 -1.73607194
v -0.77792382 1.28119647 -1.72348856
v -0.77852153 1.25183856 -1.73567998
v -0.74920195 1.29026329 -1.72763323
v -0.72279083 1.30434107 -1.73235499
v -0.75322103 1.30126905 -1.7233653
v -0.71599286 1.2775706 -1.74474537
v -0.70501095 1.28269767 -1.74750232
v -0.74119722 1.26659393 -1.74001455
v -0.15955112 0.64038223 0.05891
v 0.05520073 0.43696585 0.00088881
v -0.22930544 0.41908508 -0.06881695
v -0.0792787 0.43858411 -0.08717502
v -0.35873234 0.5288257 0.13885994
v -0.27490776 0.35817566 0.24744983
v -0.29863897 0.38686916 0.07707153
v -0.23968374 0.48349511 0.36776179
v 0.0096918 0.37596884 0.31898382
v -0.14028289 0.35737088 0.33618271
v -0.04063042 0.59493351 0.28799217
v 0.07928381 0.40890941 0.17210969
v -0.34187367 0.85574489 0.32687228
v -0.16730177 0.80484759 0.24242426
v -0.37846648 0.7585749 0.14961837
v -0.26936715 0.80855757 0.17997302
v -0.44990018 0.71715265 0.27436593
v -0.39932653 0.59739589 0.24471625
v -0.42379665 0.67050629 0.18079567
v -0.3082399 0.61534667 0.298505
v -0.18815104 0.64361798 0.33752965
v -0.29716688 0.59365195 0.30673322
v -0.20024801 0.75394761 0.35119146
v -0.14287093 0.7315979 0.3060615
v -0.2875815 0.52330124 0.79295158
v -0.22503331 0.67514759 0.56738698
v -0.38197928 0.65672338 0.52370089
v -0.30901926 0.69290185 0.55309349
v -0.35873717 0.42524361 0.74951958
v -0.3489598 0.49482241 0.47819644
v -0.39158752 0.57277911 0.4930042
v -0.25891003 0.34776842 0.76495087
v -0.19200885 0.51324605 0.52184462
v -0.26496946 0.47705784 0.49222031
v -0.18775998 0.44582355 0.80846989
v -0.1824201 0.59718138 0.55244112
v -0.5426467 0.64839446 1.16707706
v -0.3379879 0.53689527 1.01136839
v -0.44774314 0.52214497 0.96310454
v -0.39436098 0.54867851 0.98594594
v -0.60670197 0.57025295 1.15301954
v -0.43876752 0.40716666 0.97099995
v -0.46155023 0.46221658 0.95878511
v -0.54266673 0.51087355 1.20494043
v -0.32901281 0.42191758 1.01923394
v -0.38239526 0.39538651 0.99633979
v -0.47861135 0.58901345 1.21901595
v -0.31520748 0.48184466 1.02355432
v -0.70624774 0.72365188 1.53670358
v -0.60521078 0.69302225 1.39758658
v -0.68681788 0.6817882 1.35774946
v -0.64584362 0.7019757 1.37310206
v -0.75129526 0.66998517 1.53040862
v -0.68784105 0.59436148 1.38518703
v -0.70093101 0.63620454 1.36480438
v -0.70474386 0.62718445 1.56116735
v -0.60623413 0.60559618 1.42501652
v -0.64720851 0.58540886 1.40966033
v -0.65969634 0.6808511 1.56746304
v -0.59212082 0.65117943 1.41796624
v -0.72572469 0.71465581 1.59468305
v -0.69608205 0.72047632 1.60560536
v -0.75572001 0.71381717 1.58315753
v -0.72617089 0.72754842 1.59198951
v -0.7524656 0.68280112 1.59092617
v -0.75410068 0.65140765 1.59750986
v -0.76484996 0.68150258 1.58659243
v -0.72433012 0.6571576 1.60812044
v -0.69446265 0.65806675 1.61995768
v -0.72401177 0.64433556 1.61112582
v -0.69758915 0.68901228 1.61187756
v -0.68533271 0.69038134 1.6165229
v -0.72500598 0.68589496 1.60134983
v -0.17670814 1.03542327 0.0518291
v 0.04253437 0.65613842 -0.01866977
v -0.23255021 0.64637148 -0.06844379
v -0.08975467 0.6574397 -0.09602144
v -0.35626721 0.9597606 0.15230904
v -0.26316326 0.61174017 0.24284718
v -0.29290416 0.62851452 0.07818841
v -0.23426926 0.92803901 0.35551339
v 0.01200575 0.62148851 0.29455357
v -0.13078007 0.61125731 0.32119149
v -0.05481588 1.00359273 0.25532701
v 0.07264265 0.64014744 0.14714244
v -0.33140963 1.36986529 0.38024067
v -0.18366959 1.28261363 0.24050703
v -0.39307171 1.25833153 0.18855415
v -0.28380623 1.29460573 0.19665291
v -0.46669369 1.24218726 0.36464014
v -0.42030057 1.11364316 0.29293191
v -0.44140708 1.18199622 0.23105604
v -0.33904448 1.11792886 0.37989428
v -0.21089913 1.13792932 0.34507402
v -0.32013073 1.1016097 0.33676046
v -0.20377658 1.24562859 0.39575034
v -0.16259099 1.2142589 0.30248245
v -0.18738199 1.00556862 0.91349065
v -0.15508571 1.16361284 0.64956599
v -0.32141658 1.16942977 0.62426555
v -0.23848456 1.19545269 0.64152103
v -0.27618658 0.91873008 0.87232273
v -0.32004955 0.99587833 0.59407603
v -0.34844678 1.08360695 0.60416704
v -0.19037479 0.82364547 0.89140689
v -0.15371538 0.99003446 0.61945813
v -0.23664751 0.96396547 0.60190677
v -0.10157088 0.91049128 0.93266826
v -0.12669594 1.07581806 0.63938474
v -0.58208125 1.15154075 1.30532074
v -0.31076985 1.01326394 1.16075372
v -0.41568589 1.01707327 1.09990382
v -0.36111107 1.0343995 1.12897694
v -0.65497273 1.08581101 1.27991032
v -0.42840492 0.90174114 1.1069076
v -0.43953651 0.96003896 1.09294009
v -0.61168927 1.01699554 1.34157228
v -0.3234882 0.89791655 1.1677823
v -0.37806466 0.88057339 1.13860166
v -0.53879773 1.08272683 1.3669964
v -0.29963824 0.95493489 1.17470228
v -0.69370669 1.26654875 1.57036197
v -0.63900572 1.20990133 1.48980689
v -0.7150737 1.21531415 1.44063103
v -0.6732313 1.22657024 1.46012818
v -0.75228828 1.22715532 1.56812012
v -0.73792833 1.13155901 1.47098362
v -0.73918002 1.17434096 1.44755864
v -0.71969878 1.17563998 1.60466933
v -0.66186016 1.12614262 1.52016413
v -0.70370298 1.11488735 1.50065743
v -0.66111725 1.21503341 1.60691213
v -0.6377539 1.16711664 1.51323926
v -0.70753824 1.26868426 1.6214447
v -0.67513573 1.26428318 1.62687933
v -0.7358452 1.27356326 1.60538995
v -0.70266413 1.27866995 1.61241638
v -0.74311065 1.24582958 1.62142372
v -0.75280326 1.21508312 1.62770044
v -0.75444245 1.24587011 1.61296367
v -0.72308111 1.21472692 1.64184403
v -0.69209379 1.20580291 1.64918971
v -0.72527492 1.20069634 1.64216351
v -0.68750876 1.23758161 1.64186525
v -0.67349654 1.23349642 1.6416161
v -0.71575641 1.24237978 1.63309586
v -0.00483906 0.54555964 -0.48665711
v 0.22670121 0.33715313 -0.28643047
v -0.25218617 0.39336854 -0.25579407
v -0.01635102 0.36463388 -0.37084859
v -0.36887615 0.59683483 0.05072416
v -0.22943407 0.39602965 0.31578847
v -0.31949394 0.40538501 0.03491176
v 0.05255188 0.55616718 0.52464699
v 0.24930287 0.34064003 0.28967407
v 0.01336668 0.36947333 0.40051326
v 0.41639441 0.50631254 -0.00709711
v 0.31661728 0.32962936 -0.00145626
v 0.08132999 1.11890876 -0.64261651
v 0.36103898 0.77041882 -0.43774029
v -0.27973538 0.83381623 -0.38087314
v 0.03277922 0.79818445 -0.57063394
v -0.29607275 1.11040294 0.04015485
v -0.22948758 0.84475767 0.46505427
v -0.36028307 0.84911447 0.04541935
v 0.14085742 1.14797735 0.63811403
v 0.41000801 0.78538757 0.44102561
v 0.0984039 0.81841957 0.60319823
v 0.54336929 1.10198068 -0.00964696
v 0.49143308 0.76914644 -0.003626
v 0.59871679 1.85904145 -0.03872191
v 0.49028307 1.50774955 0.47093245
v 0.45588186 1.48398423 -0.48817971
v 0.57952266 1.48821246 -0.01698967
v -0.18425196 1.51381361 -0.53645849
v 0.16149228 1.87170624 -0.67167192
v 0.13059833 1.50438714 -0.65722113
v -0.15303815 1.55489718 0.53570032
v 0.19837242 1.90702915 0.59308731
v 0.17876711 1.53663003 0.62854647
v 0.13136178 2.46776557 -0.62406796
v 0.49211043 2.14785289 -0.49409765
v -0.17902204 2.16688227 -0.46415838
v 0.15490423 2.15107083 -0.65489059
v -0.30154144 2.48181772 -0.02707446
v -0.18260157 1.95528709 -0.04325775
v -0.14855937 2.191082 0.42545279
v -0.26737836 2.18169498 -0.03050977
v 0.16902503 2.50587654 0.54305225
v 0.51916289 2.17513561 0.42388948
v 0.18988715 2.18862414 0.57579422
v 0.60650008 2.49360203 -0.05232773
v 0.61567652 2.15927743 -0.04408509
v 0.09535669 3.45151019 -0.4363209
v 0.43219745 2.98040962 -0.4165692
v -0.19591251 2.96125412 -0.39326307
v 0.11547444 2.96496605 -0.53659355
v -0.2437893 3.4588623 -0.00403097
v -0.16650295 2.98917651 0.36443185
v -0.27830332 2.97227311 -0.01583855
v 0.12873669 3.48521614 0.39628014
v 0.46181333 3.00940561 0.34924686
v 0.1519456 3.00351381 0.47931993
v 0.47027337 3.47798514 -0.03956705
v 0.54929715 2.99684882 -0.0395119
v 0.01385573 3.94032001 -0.32501688
v 0.30977535 3.7635734 -0.30715602
v -0.17754152 3.73140907 -0.27120602
v 0.06246067 3.74305796 -0.38174951
v -0.25629922 3.9203844 0.0157849
v -0.15152002 3.75326943 0.27718725
v -0.24311716 3.73813748 0.00754814
v 0.04446102 3.96315288 0.30278512
v 0.33598399 3.7858088 0.24413421
v 0.09592685 3.77352547 0.35217803
v 0.31517189 3.98269891 -0.03810953
v 0.40296667 3.77809262 -0.03747532
v -0.10734172 4.31280374 -0.20705872
v 0.13076195 4.1717782 -0.21578742
v -0.22024318 4.11284112 -0.18026554
v -0.0477848 4.14026165 -0.26221525
v -0.28146427 4.27454519 0.01672187
v -0.20063401 4.12270116 0.20392605
v -0.26831978 4.10912513 0.01771266
v -0.08828938 4.31834793 0.20096291
v 0.15001966 4.18163824 0.16838569
v -0.02296175 4.15400219 0.2501719
v 0.0860211 4.35642957 -0.02286543
v 0.19794124 4.18487834 -0.02976841
v -0.1672922 4.49935436 -0.12258672
v -0.02701284 4.46429443 -0.14556533
v -0.26303333 4.39995145 -0.12011577
v -0.14710944 4.43182849 -0.17631933
v -0.2703433 4.46768522 0.009558
v -0.24909961 4.40063905 0.14043206
v -0.29501274 4.38994169 0.01447682
v -0.15324646 4.49912262 0.11822535
v -0.01328566 4.4650383 0.11497276
v -0.12955644 4.43289089 0.171126
v -0.05019171 4.53075885 -0.01393803
v 0.01844649 4.47467947 -0.01970302
v -0.16737847 4.52123689 -0.00192191
v 0.06211273 1.32895684 -0.55414354
v -0.04384422 1.69246089 -0.57263827
v -0.1233377 1.18823432 -0.37366107
v -0.07003009 1.41565764 -0.58582282
v -0.09943921 1.2262851 -0.00966386
v -0.20404869 1.33882343 0.31881803
v -0.17566922 1.18041002 0.0187162
v -0.14855067 1.63707017 0.14098227
v -0.12660321 1.8440262 0.1218961
v -0.18036417 1.61773586 0.34415075
v 0.01424141 1.73963272 -0.40877592
v -0.06972891 1.85311365 -0.25433969
v -0.15722781 1.37272119 -0.44418472
v 0.02844911 1.49572587 -0.57045358
v -0.08469549 1.21899128 -0.32705059
v -0.00784826 1.32420849 -0.51470041
v -0.29808065 1.34410703 -0.15341502
v -0.20680451 1.41725266 0.06682231
v -0.16467371 1.2725979 -0.08214895
v -0.23673249 1.55765509 -0.04523481
v -0.09340993 1.69433307 -0.16965118
v -0.17049732 1.58906567 0.01971524
v -0.09595225 1.58624923 -0.34087011
v -0.01350281 1.64081931 -0.41604211
v -0.28841868 1.58513045 -0.44511109
v -0.18227285 1.51625394 -0.36095011
v -0.36862018 1.41131234 -0.31181904
v -0.26623433 1.44053959 -0.37202429
v -0.47154402 1.6513884 -0.33959689
v -0.42405927 1.55093979 -0.09812261
v -0.42738482 1.46372711 -0.19513979
v -0.38254845 1.7931981 -0.22585134
v -0.23763515 1.65605461 -0.14329266
v -0.33996626 1.62677896 -0.08281614
v -0.19956539 1.72671961 -0.33548739
v -0.17886765 1.60348475 -0.2636829
v -0.1197655 2.18656063 -1.17197859
v -0.09378336 1.90962779 -0.77749604
v -0.28390049 1.86426103 -0.78216713
v -0.17735551 1.86346638 -0.80221754
v -0.26182079 2.22382283 -1.09192955
v -0.35280332 2.00582456 -0.64243423
v -0.34997963 1.92758107 -0.71226203
v -0.19436623 2.33288765 -1.00430285
v -0.16264721 2.05129647 -0.63505172
v -0.26908659 2.05222296 -0.61374455
v -0.05238501 2.29547882 -1.08605885
v -0.09653236 1.98777437 -0.70758622
v -0.54948103 2.68050074 -1.41806888
v -0.25218561 2.49925613 -1.32475388
v -0.36781373 2.44212365 -1.31836926
v -0.30350652 2.45827031 -1.33884215
v -0.61888921 2.67518377 -1.36038911
v -0.40674948 2.5168972 -1.21364235
v -0.40654254 2.47002649 -1.26499044
v -0.58225101 2.74327039 -1.30819785
v -0.29110786 2.57406091 -1.21898531
v -0.35538178 2.55797457 -1.19812798
v -0.51284664 2.74858188 -1.36582911
v -0.25238078 2.54606342 -1.27369952
v -0.73257875 2.96369528 -1.68307268
v -0.65171927 2.881361 -1.55398964
v -0.71339678 2.83721399 -1.54790997
v -0.67915546 2.85299181 -1.56130719
v -0.78210592 2.96641993 -1.65110421
v -0.73381322 2.87498712 -1.48573911
v -0.73388457 2.84874272 -1.5158143
v -0.75987684 3.01219892 -1.62078821
v -0.67213577 2.9191339 -1.49182212
v -0.70637577 2.90335536 -1.47842419
v -0.71034961 3.0094738 -1.65275669
v -0.65164792 2.90760541 -1.52391576
v -0.75244116 3.00416564 -1.70816433
v -0.72951972 3.01878738 -1.71249115
v -0.77689957 2.99226999 -1.71267461
v -0.75007426 3.00001978 -1.71905207
v -0.78279155 3.00691437 -1.69009161
v -0.79571181 3.02532267 -1.67385923
v -0.79420232 3.00437641 -1.69329762
v -0.76957947 3.03435993 -1.67205798
v -0.74833196 3.0518403 -1.67367577
v -0.77515727 3.04409027 -1.66729831
v -0.73922908 3.03161144 -1.69013059
v -0.73102921 3.03973317 -1.693053
v -0.76047515 3.018332 -1.68908977
v -0.25179407 1.53655839 -0.02715718
v -0.19864223 1.72138857 -0.1644863
v -0.28765371 1.31702852 -0.18665169
v -0.25235599 1.5244522 -0.26872339
v -0.27594173 1.33740603 0.13388474
v -0.23064632 1.28524863 0.35472476
v -0.27252003 1.23387789 0.08572913
v -0.16056498 1.43760991 0.34849852
v -0.14399339 1.69043254 0.37444058
v -0.17894409 1.48380053 0.45931753
v -0.13516458 1.63650298 0.18634428
v -0.15375086 1.77432024 0.11173174
v -0.40896272 1.77327299 0.18119055
v -0.26206931 1.65951919 0.07728902
v -0.40789187 1.52974522 0.08991102
v -0.35045844 1.61345458 0.05399062
v -0.45228281 1.6212219 0.32117366
v -0.31387615 1.41551363 0.26165565
v -0.38507151 1.45081567 0.17748692
v -0.25838857 1.59256815 0.36879172
v -0.16840221 1.54537093 0.24944669
v -0.22558349 1.4616214 0.28534752
v -0.21512529 1.74455356 0.22866988
v -0.19090804 1.62410247 0.16132356
v -0.21222737 2.32446551 0.92790168
v -0.18727961 2.05346369 0.52239877
v -0.35687673 1.97066342 0.59419018
v -0.28965732 2.03237032 0.5364061
v -0.24549734 2.20651173 1.03807354
v -0.25014051 1.84808182 0.72117888
v -0.33164727 1.89540541 0.66930127
v -0.09457916 2.20100832 1.08616387
v -0.08101575 1.93084073 0.64989519
v -0.14797146 1.86906337 0.70705181
v -0.06135854 2.31894326 0.97599476
v -0.10629208 2.00595569 0.57429242
v -0.63876521 2.79923176 1.33407306
v -0.32759043 2.61662435 1.16776716
v -0.43312293 2.53521037 1.19233298
v -0.39140462 2.5866096 1.16226923
v -0.65657156 2.72123169 1.39811086
v -0.36603608 2.47086405 1.29728639
v -0.41706082 2.48939609 1.24882769
v -0.5721631 2.74087309 1.44926798
v -0.26074814 2.55225443 1.27296149
v -0.30226385 2.5008564 1.3027811
v -0.55436223 2.81887364 1.38523531
v -0.27677285 2.59804129 1.216313
v -0.80160039 3.02622699 1.70682537
v -0.721964 2.96774053 1.54806065
v -0.78209614 2.90838217 1.55392479
v -0.75903004 2.94427895 1.54048895
v -0.80925542 2.97133064 1.73992025
v -0.740067 2.87104654 1.61676335
v -0.77107113 2.87981247 1.58631694
v -0.74979579 2.97735619 1.76336145
v -0.67994427 2.93041157 1.61091625
v -0.70299905 2.89451217 1.62433934
v -0.74214214 3.03225207 1.73026895
v -0.69096785 2.95897841 1.57850956
v -0.80367219 3.04136252 1.76555764
v -0.78435599 3.06372475 1.76379573
v -0.82812511 3.02536106 1.77068555
v -0.81202983 3.05011653 1.76163005
v -0.80797225 3.00833869 1.78449916
v -0.79339009 2.99191832 1.8043487
v -0.81805247 3.0022459 1.78866529
v -0.77188831 3.01086664 1.79718864
v -0.74962085 3.03028202 1.79745924
v -0.76571631 3.0055263 1.80651426
v -0.76758837 3.04389047 1.77824699
v -0.75969362 3.05339717 1.77947914
v -0.78741616 3.02554559 1.78047323
g ZBrush_defualt_group
f 1 197 201 200
f 197 4 198 201
f 201 198 3 199
f 200 201 199 2
f 8 202 206 205
f 202 5 203 206
f 206 203 6 204
f 205 206 204 7
f 7 204 209 208
f 204 6 207 209
f 209 207 2 199
f 208 209 199 3
f 5 210 211 203
f 210 1 200 211
f 211 200 2 207
f 203 211 207 6
g Group38888
f 12 212 216 215
f 212 11 213 216
f 216 213 8 214
f 215 216 214 4
f 9 217 219 218
f 217 12 215 219
f 219 215 4 197
f 218 219 197 1
f 10 220 222 221
f 220 9 218 222
f 222 218 1 210
f 221 222 210 5
f 11 223 224 213
f 223 10 221 224
f 224 221 5 202
f 213 224 202 8
f 16 225 228 227
f 225 15 226 228
f 228 226 11 212
f 227 228 212 12
f 13 229 231 230
f 229 16 227 231
f 231 227 12 217
f 230 231 217 9
f 14 232 234 233
f 232 13 230 234
f 234 230 9 220
f 233 234 220 10
f 15 235 236 226
f 235 14 233 236
f 236 233 10 223
f 226 236 223 11
f 13 232 237 229
f 232 14 235 237
f 237 235 15 225
f 229 237 225 16
g Group597
f 20 238 241 240
f 238 19 239 241
f 241 239 3 198
f 240 241 198 4
f 17 242 244 243
f 242 20 240 244
f 244 240 4 214
f 243 244 214 8
f 18 245 247 246
f 245 17 243 247
f 247 243 8 205
f 246 247 205 7
f 19 248 249 239
f 248 18 246 249
f 249 246 7 208
f 239 249 208 3
f 24 250 253 252
f 250 23 251 253
f 253 251 19 238
f 252 253 238 20
f 21 254 256 255
f 254 24 252 256
f 256 252 20 242
f 255 256 242 17
f 22 257 259 258
f 257 21 255 259
f 259 255 17 245
f 258 259 245 18
f 23 260 261 251
f 260 22 258 261
f 261 258 18 248
f 251 261 248 19
f 28 262 265 264
f 262 27 263 265
f 265 263 23 250
f 264 265 250 24
f 25 266 268 267
f 266 28 264 268
f 268 264 24 254
f 267 268 254 21
f 26 269 271 270
f 269 25 267 271
f 271 267 21 257
f 270 271 257 22
f 27 272 273 263
f 272 26 270 273
f 273 270 22 260
f 263 273 260 23
f 32 274 277 276
f 274 31 275 277
f 277 275 27 262
f 276 277 262 28
f 29 278 280 279
f 278 32 276 280
f 280 276 28 266
f 279 280 266 25
f 30 281 283 282
f 281 29 279 283
f 283 279 25 269
f 282 283 269 26
f 31 284 285 275
f 284 30 282 285
f 285 282 26 272
f 275 285 272 27
f 36 286 289 288
f 286 35 287 289
f 289 287 31 274
f 288 289 274 32
f 33 290 292 291
f 290 36 288 292
f 292 288 32 278
f 291 292 278 29
f 34 293 295 294
f 293 33 291 295
f 295 291 29 281
f 294 295 281 30
f 35 296 297 287
f 296 34 294 297
f 297 294 30 284
f 287 297 284 31
f 40 298 301 300
f 298 39 299 301
f 301 299 35 286
f 300 301 286 36
f 37 302 304 303
f 302 40 300 304
f 304 300 36 290
f 303 304 290 33
f 38 305 307 306
f 305 37 303 307
f 307 303 33 293
f 306 307 293 34
f 39 308 309 299
f 308 38 306 309
f 309 306 34 296
f 299 309 296 35
f 37 305 310 302
f 305 38 308 310
f 310 308 39 298
f 302 310 298 40
g Group34370
f 44 311 314 313
f 311 43 312 314
f 314 312 3 198
f 313 314 198 4
f 41 315 317 316
f 315 44 313 317
f 317 313 4 214
f 316 317 214 8
f 42 318 320 319
f 318 41 316 320
f 320 316 8 205
f 319 320 205 7
f 43 321 322 312
f 321 42 319 322
f 322 319 7 208
f 312 322 208 3
f 48 323 326 325
f 323 47 324 326
f 326 324 43 311
f 325 326 311 44
f 45 327 329 328
f 327 48 325 329
f 329 325 44 315
f 328 329 315 41
f 46 330 332 331
f 330 45 328 332
f 332 328 41 318
f 331 332 318 42
f 47 333 334 324
f 333 46 331 334
f 334 331 42 321
f 324 334 321 43
f 52 335 338 337
f 335 51 336 338
f 338 336 47 323
f 337 338 323 48
f 49 339 341 340
f 339 52 337 341
f 341 337 48 327
f 340 341 327 45
f 50 342 344 343
f 342 49 340 344
f 344 340 45 330
f 343 344 330 46
f 51 345 346 336
f 345 50 343 346
f 346 343 46 333
f 336 346 333 47
f 56 347 350 349
f 347 55 348 350
f 350 348 51 335
f 349 350 335 52
f 53 351 353 352
f 351 56 349 353
f 353 349 52 339
f 352 353 339 49
f 54 354 356 355
f 354 53 352 356
f 356 352 49 342
f 355 356 342 50
f 55 357 358 348
f 357 54 355 358
f 358 355 50 345
f 348 358 345 51
f 60 359 362 361
f 359 59 360 362
f 362 360 55 347
f 361 362 347 56
f 57 363 365 364
f 363 60 361 365
f 365 361 56 351
f 364 365 351 53
f 58 366 368 367
f 366 57 364 368
f 368 364 53 354
f 367 368 354 54
f 59 369 370 360
f 369 58 367 370
f 370 367 54 357
f 360 370 357 55
f 64 371 374 373
f 371 63 372 374
f 374 372 59 359
f 373 374 359 60
f 61 375 377 376
f 375 64 373 377
f 377 373 60 363
f 376 377 363 57
f 62 378 380 379
f 378 61 376 380
f 380 376 57 366
f 379 380 366 58
f 63 381 382 372
f 381 62 379 382
f 382 379 58 369
f 372 382 369 59
f 61 378 383 375
f 378 62 381 383
f 383 381 63 371
f 375 383 371 64
g Group56552
f 68 384 387 386
f 384 67 385 387
f 387 385 3 198
f 386 387 198 4
f 65 388 390 389
f 388 68 386 390
f 390 386 4 214
f 389 390 214 8
f 66 391 393 392
f 391 65 389 393
f 393 389 8 205
f 392 393 205 7
f 67 394 395 385
f 394 66 392 395
f 395 392 7 208
f 385 395 208 3
f 72 396 399 398
f 396 71 397 399
f 399 397 67 384
f 398 399 384 68
f 69 400 402 401
f 400 72 398 402
f 402 398 68 388
f 401 402 388 65
f 70 403 405 404
f 403 69 401 405
f 405 401 65 391
f 404 405 391 66
f 71 406 407 397
f 406 70 404 407
f 407 404 66 394
f 397 407 394 67
f 76 408 411 410
f 408 75 409 411
f 411 409 71 396
f 410 411 396 72
f 73 412 414 413
f 412 76 410 414
f 414 410 72 400
f 413 414 400 69
f 74 415 417 416
f 415 73 413 417
f 417 413 69 403
f 416 417 403 70
f 75 418 419 409
f 418 74 416 419
f 419 416 70 406
f 409 419 406 71
f 80 420 423 422
f 420 79 421 423
f 423 421 75 408
f 422 423 408 76
f 77 424 426 425
f 424 80 422 426
f 426 422 76 412
f 425 426 412 73
f 78 427 429 428
f 427 77 425 429
f 429 425 73 415
f 428 429 415 74
f 79 430 431 421
f 430 78 428 431
f 431 428 74 418
f 421 431 418 75
f 84 432 435 434
f 432 83 433 435
f 435 433 79 420
f 434 435 420 80
f 81 436 438 437
f 436 84 434 438
f 438 434 80 424
f 437 438 424 77
f 82 439 441 440
f 439 81 437 441
f 441 437 77 427
f 440 441 427 78
f 83 442 443 433
f 442 82 440 443
f 443 440 78 430
f 433 443 430 79
f 88 444 447 446
f 444 87 445 447
f 447 445 83 432
f 446 447 432 84
f 85 448 450 449
f 448 88 446 450
f 450 446 84 436
f 449 450 436 81
f 86 451 453 452
f 451 85 449 453
f 453 449 81 439
f 452 453 439 82
f 87 454 455 445
f 454 86 452 455
f 455 452 82 442
f 445 455 442 83
f 85 451 456 448
f 451 86 454 456
f 456 454 87 444
f 448 456 444 88
g Group28761
f 92 457 460 459
f 457 91 458 460
f 460 458 3 198
f 459 460 198 4
f 89 461 463 462
f 461 92 459 463
f 463 459 4 214
f 462 463 214 8
f 90 464 466 465
f 464 89 462 466
f 466 462 8 205
f 465 466 205 7
f 91 467 468 458
f 467 90 465 468
f 468 465 7 208
f 458 468 208 3
f 96 469 472 471
f 469 95 470 472
f 472 470 91 457
f 471 472 457 92
f 93 473 475 474
f 473 96 471 475
f 475 471 92 461
f 474 475 461 89
f 94 476 478 477
f 476 93 474 478
f 478 474 89 464
f 477 478 464 90
f 95 479 480 470
f 479 94 477 480
f 480 477 90 467
f 470 480 467 91
f 100 481 484 483
f 481 99 482 484
f 484 482 95 469
f 483 484 469 96
f 97 485 487 486
f 485 100 483 487
f 487 483 96 473
f 486 487 473 93
f 98 488 490 489
f 488 97 486 490
f 490 486 93 476
f 489 490 476 94
f 99 491 492 482
f 491 98 489 492
f 492 489 94 479
f 482 492 479 95
f 104 493 496 495
f 493 103 494 496
f 496 494 99 481
f 495 496 481 100
f 101 497 499 498
f 497 104 495 499
f 499 495 100 485
f 498 499 485 97
f 102 500 502 501
f 500 101 498 502
f 502 498 97 488
f 501 502 488 98
f 103 503 504 494
f 503 102 501 504
f 504 501 98 491
f 494 504 491 99
f 108 505 508 507
f 505 107 506 508
f 508 506 103 493
f 507 508 493 104
f 105 509 511 510
f 509 108 507 511
f 511 507 104 497
f 510 511 497 101
f 106 512 514 513
f 512 105 510 514
f 514 510 101 500
f 513 514 500 102
f 107 515 516 506
f 515 106 513 516
f 516 513 102 503
f 506 516 503 103
f 112 517 520 519
f 517 111 518 520
f 520 518 107 505
f 519 520 505 108
f 109 521 523 522
f 521 112 519 523
f 523 519 108 509
f 522 523 509 105
f 110 524 526 525
f 524 109 522 526
f 526 522 105 512
f 525 526 512 106
f 111 527 528 518
f 527 110 525 528
f 528 525 106 515
f 518 528 515 107
f 109 524 529 521
f 524 110 527 529
f 529 527 111 517
f 521 529 517 112
g Group34869
f 116 530 533 532
f 530 115 531 533
f 533 531 3 198
f 532 533 198 4
f 113 534 536 535
f 534 116 532 536
f 536 532 4 214
f 535 536 214 8
f 114 537 539 538
f 537 113 535 539
f 539 535 8 205
f 538 539 205 7
f 115 540 541 531
f 540 114 538 541
f 541 538 7 208
f 531 541 208 3
f 120 542 545 544
f 542 119 543 545
f 545 543 115 530
f 544 545 530 116
f 117 546 548 547
f 546 120 544 548
f 548 544 116 534
f 547 548 534 113
f 118 549 551 550
f 549 117 547 551
f 551 547 113 537
f 550 551 537 114
f 119 552 553 543
f 552 118 550 553
f 553 550 114 540
f 543 553 540 115
f 123 554 557 556
f 554 122 555 557
f 557 555 118 552
f 556 557 552 119
f 120 558 560 542
f 558 124 559 560
f 560 559 123 556
f 542 560 556 119
f 121 561 563 562
f 561 117 549 563
f 563 549 118 555
f 562 563 555 122
g Group19050
f 128 564 567 566
f 564 127 565 567
f 567 565 123 559
f 566 567 559 124
f 125 568 571 570
f 568 128 566 571
f 571 566 124 569
f 570 571 569 121
f 126 572 574 573
f 572 125 570 574
f 574 570 121 562
f 573 574 562 122
f 127 575 576 565
f 575 126 573 576
f 576 573 122 554
f 565 576 554 123
f 132 577 580 579
f 577 131 578 580
f 580 578 127 564
f 579 580 564 128
f 129 581 583 582
f 581 132 579 583
f 583 579 128 568
f 582 583 568 125
f 130 584 586 585
f 584 129 582 586
f 586 582 125 572
f 585 586 572 126
f 131 587 588 578
f 587 130 585 588
f 588 585 126 575
f 578 588 575 127
f 136 589 592 591
f 589 135 590 592
f 592 590 131 577
f 591 592 577 132
f 133 593 595 594
f 593 136 591 595
f 595 591 132 581
f 594 595 581 129
f 134 596 598 597
f 596 133 594 598
f 598 594 129 584
f 597 598 584 130
f 135 599 600 590
f 599 134 597 600
f 600 597 130 587
f 590 600 587 131
f 140 601 604 603
f 601 139 602 604
f 604 602 135 589
f 603 604 589 136
f 137 605 607 606
f 605 140 603 607
f 607 603 136 593
f 606 607 593 133
f 138 608 610 609
f 608 137 606 610
f 610 606 133 596
f 609 610 596 134
f 139 611 612 602
f 611 138 609 612
f 612 609 134 599
f 602 612 599 135
f 144 613 616 615
f 613 143 614 616
f 616 614 139 601
f 615 616 601 140
f 141 617 619 618
f 617 144 615 619
f 619 615 140 605
f 618 619 605 137
f 142 620 622 621
f 620 141 618 622
f 622 618 137 608
f 621 622 608 138
f 143 623 624 614
f 623 142 621 624
f 624 621 138 611
f 614 624 611 139
f 141 620 625 617
f 620 142 623 625
f 625 623 143 613
f 617 625 613 144
g Group41123
f 148 626 629 628
f 626 147 627 629
f 629 627 124 558
f 628 629 558 120
f 145 630 632 631
f 630 148 628 632
f 632 628 120 546
f 631 632 546 117
f 146 633 635 634
f 633 145 631 635
f 635 631 117 561
f 634 635 561 121
f 147 636 637 627
f 636 146 634 637
f 637 634 121 569
f 627 637 569 124
f 152 638 641 640
f 638 151 639 641
f 641 639 147 626
f 640 641 626 148
f 149 642 644 643
f 642 152 640 644
f 644 640 148 630
f 643 644 630 145
f 150 645 647 646
f 645 149 643 647
f 647 643 145 633
f 646 647 633 146
f 151 648 649 639
f 648 150 646 649
f 649 646 146 636
f 639 649 636 147
f 156 650 653 652
f 650 155 651 653
f 653 651 151 638
f 652 653 638 152
f 153 654 656 655
f 654 156 652 656
f 656 652 152 642
f 655 656 642 149
f 154 657 659 658
f 657 153 655 659
f 659 655 149 645
f 658 659 645 150
f 155 660 661 651
f 660 154 658 661
f 661 658 150 648
f 651 661 648 151
f 160 662 665 664
f 662 159 663 665
f 665 663 155 650
f 664 665 650 156
f 157 666 668 667
f 666 160 664 668
f 668 664 156 654
f 667 668 654 153
f 158 669 671 670
f 669 157 667 671
f 671 667 153 657
f 670 671 657 154
f 159 672 673 663
f 672 158 670 673
f 673 670 154 660
f 663 673 660 155
f 164 674 677 676
f 674 163 675 677
f 677 675 159 662
f 676 677 662 160
f 161 678 680 679
f 678 164 676 680
f 680 676 160 666
f 679 680 666 157
f 162 681 683 682
f 681 161 679 683
f 683 679 157 669
f 682 683 669 158
f 163 684 685 675
f 684 162 682 685
f 685 682 158 672
